0,0,5982,0,0,3635,0,0,21396,0,0,0,0,0
0,19268,5982,0,0,0,0,0,0,0,0,0
0,0,0,0,0,19268,0,0,0,0,0,0,0,0
0,0,0,0,0,0,0,0,0,3635,0,0,0,0,0,0,0
0,0,0,0,0,0,19268,0,0,0,0,0,0,0,0
0,0,0,0,0,0,0,0,0,0,0,0,0,0
0,13482,14561,19268,1478,2202,0,0,13482,0,19268,1480,2202,0,0,0,0
0,0,13482,17515,19268,1485,2202,0,0,0,0,0,0,0
0,19268,0,0,0,0,0,0,0,0,0,0,0,0,0,0
0,0,0,0,0,0,0,0,0,0,0,0,0,19268,0
0,0,0,14561,9740,18431,13482,20185,2202,0,17515,0,16319,13482,20186,2202,0,0
0,0,0,0,0,0,0,0,0,0,0,0,0,0,0
0,0,0,0,3635,0,0,0,0,0,1123,0,19268,0,0,0,0
0,0,0,0,0,0,0,0,0,0,13482,1670,2202,0,0
0,1670,0,0,0,0,0,0,0,0,19268,0,0
1670,0,0,0,0,13590,0,0,0,0,0,0
0,13482,5521,2202,0,0,0,0,13482,16795,2202,0,0,0
0,0,0,0,0,0,13482,6816,2202,0,0,0,0,0
0,0,17752,0,0,0,0,19268,0,0,0,0,0,0
3635,0,0,0,20291,19697,19268,0,0,0,0,0,0,0,0,0,0,0
0,0,19268,5521,0,0,0,3635,0,0,0,0,0,0
0,13482,20291,5944,2202,0,0,0,0,0,0,0,0,0,0,0
0,0,0,0,0,0,0,0,0,0,0,0,19268,0,0,0
0,0,0,0,0,0,0,0,0,0,0,0,0
0,0,0,0,0,0,19268,0,0,0,0,0,0,0
0,0,0,0,0,5521,0,16795,0,0,0,0
0,0,0,0,0,0,0,0,1670,0,0,1670,0,0,0
0,0,19268,0,0,0,0,0,0,19268,0,0,0,0
0,0,0,0,0,0,0,0,0,0,0,0,0
3635,0,0,0,0,0,0,0,19268,0,0,0,13482,15418,2202,0,0
0,0,0,0,0,0,0,3635,0,0,0,20291,7847,0,16815,7940,0,0,0
0,0,13482,19119,2202,0,0,0,0,0,9944,0,0,0,0
0,13482,10366,9944,6472,2202,0,0,0,0,0,0,0,0
13482,4369,2202,0,0,0,0,0,0,0,13482,3317,2202,0,0
0,0,0,13482,0,2202,0,0,0,0,0,3635,0,0,21396,20291,0
19697,9987,14145,9740,14149,12766,7940,0,0,0,0,0,0,3635,0,0,0,0
0,0,20291,19697,0,0,0,0
0,0,0,0,0,0,0,0,19268,0
0,0,0,0,0,0,13482,20581,2202,0,0,13482,18427,2202,0,0,0
13482,1781,2202,0,0,13482,9743,2202,0,0,13482,22,2202,0,0
0,0,0,19268,0,0,0,0,0,19268,0,0,0,0,0,0
0,0,0,0,19268,0,0,0,0,0,0,0,0,0,0
0,19268,0,0,0,0,0,0,0,0,0,0,0,0,0
0,0,0,0,0,0,0,19268,0,0,0,19268,0,0,0
0,0,0,0,0,0,0,0,0,0,0,0
0,0,0,0,19268,0,0,0,0,0,19268,0,0,0,0,0
0,0,0,0,0,0,0,0,0,0,0,0,0,0
13482,6096,2202,0,0,0,0,0,19268,0,0,0,0,0,0
0,0,0,19268,3635,0,0,0,0,0,0,0,0,0,0,0
0,0,0,0,0,0,0,0,0,0,0,0,5982,0
0,0,0,3635,0,0,0,0,19268,0,0,0,0,0,0,0
0,0,0,0,0,0,0,0,3635,0,0,0,0,19268,0,0,0,0
0,0,0,0,0,0,0,19268,0,0,0,0,0,11646,0,0,0
0,0,0,0,0,0,0,0,0,0,0,0,13482,20291,0
15652,0,2202,0,0
15509,223,0,0,3635,0,0,0,0,0,20291,19697,19268,0,0,0,0,0
0,0,0,0,0,0,0,0,3635,0,0,0,20291,15645,9987,14145,9740,14148,12766,0,0
0,19268,0,0,0,0,0,0,0,0,19268,0,0,0
0,19268,0,0,934,0,14783,0,0,0,0,0,0,0,0,0,0
0,0,0,0,0,0,0,0,0,0,0,0,0,0
0,19268,0,0,0,0,0,0,0,0,0,0,19268,0,0,0
0,0,0,19268,0,3635,0,0,0,20291,19697,19268,0,0,0,0,0,0
19119,0,0,19268,0,0,0,0,0,0,0,0,0,0,0,0,0
0,0,0,0,0,0,19268,0,0,0,0,0
0,0,0,3635,0,0,21396,20291,15645,0,0,0,0
0,0,19268,0,3635,0,0,0,0,0,0,19268,0,1670,0,0
0,0,0,19268,0,0,0,0,0,0,0,0,0
1670,0,0,0,0,0,7940,0,0,0,6847,0
0,0,19268,3635,0,0,0,0,0,19364,19268,5982,0,0,0,0,0
0,0,0,0,0,19268,15509,0,0,0,0,0,5667,7940,0
5521,0,0,0,0,19268,0,0,1670,0,3635,0,0,0,20291,16313,0
0,0,0,0,0,1670,0,0,0,0,0,0,19268,0
0,0,0,0,13482,0,0,14145,0,19268,12175,0,0,1670,2202,0,0
0,0,0,371,0,0,19268,14561,223,18431,0,0,0
0,14557,0,0,0,0,15509,0,0,0,0,0,0,0,0
0,0,0,0,0,0,19268,0,0,0,0,0,0,0,0
0,223,0,7940,17515,9740,16319,0,0,14145,0,0,0,0,0,0,0,0
0,0,5982,0,0,0,19268,0,0,0,0,0,0,0,0
0,0,0,0,19268,0,0,0,0,0,0,0,0,0
0,0,0,0,18475,0,0,19268,0,0,0,0,0,0
0,0,0,0,0,0,0,0,0,0,0,19268,0,0,0
0,0,0,0,0,0,19268,0,0,0,0,0,0,0
0,0,0,19268,0,0,0,0,0,0,0,19268,0,0,0,0
0,19268,0,0,1670,0,0,0,0,0,0,0,0,0
0,0,0,8519,0,14557,2576,0,0
5982,223,0,0,0,0,0,0,0,0,0,0,0
0,19268,0,0,0,0,0,0,0,0,3635,0,0,0,20291,7847,19268,0,0
0,0,0,0,0,0,0,0,12766,0,5078,0
0,0,0,15509,0,5554,0,5982,0,0,0,13482,0,15648,0,19268,0,0
0,0,0,2202,0,0,0,0,0,0,19268,0,0,0,2228,0
0,0,0,0,0,0,0,0,0,0,0,0,13482,0,0,0
0,0,0,0,20291,10583,0,6109,9944,21291,2202,19268,0,0,0,0,0
0,13482,3635,0,0,21396,20291,15645,2202,0,0,19268,0,0,0,13482,20129,20291,0
7847,2202,0,0,19268,0,0,0,13482,3635,0,0,21396,20291,0,2202,0,0
0,19268,0,0,0,0,0,0,17752,0,0,0,0,0
13482,2043,2202,0,0,0,0,0,0,17515,0,5521,0,0
0,0,0,0,19268,0,0,19268,0,0,0,0
0,19268,0,1670,0,0,18475,0,0,0,0,0,0,0
0,0,0,0,0,0,0,0,19268,0,0,0
0,0,0,0,0
18343,223,0,0,0,0,0,0,0,19268,0,0,0,0,0
0,0,0,0,0,0,0,0,0,19268,0,0,0,0,0
0,0,0,0,0,19268,0,0,0,0,0,13482,3635,0,0,0,20291,0
15645,2202,0,3180,2576,0,0,0,0,0,0,0,0,0,0,0,0
0,0,19268,0,0,0,0,0,19268,0,0,0,0,0,0,0,0,0
0,0,0,0,0,0,0,19268,0,0,9944,0,0,0,0
0,0,14453,12766,0,0
0,0,0,1670,0,1670,0,0,0
0,0,0,19268,0,1670,0,0,1670,0,19268,0,0
0,0,3635,0,0,0,0,1123,19268,0,0,0,0,0,1670,0
0,0,19268,0,0,0,0,19268,0,0,0,0,0,0,0
0,0,3635,0,0,0,0,0,7847,0,0,0,0,0,0,0,0
0,0,0,19268,0,5521,0,16795,0,6816,0,0
0,19268,0,0,17752,0,0,0,0,0,0,19268,0
5521,0,0,0,0,0,0,0,0,0,14557,0,18475,0,0,0
0,5521,0,0,0,0,0,0,0,0,0,0,0
13482,0,15649,0,19268,0,14145,0,19268,0,1670,0,12175,2202,0,0,0
0,0,19268,0,0,0,0,0,9987,15679,0,0,0,0,0,0,0,0
0,0,0,0,0,0,0,0,0,0,0,19268,0,0
0,0,0,0,1670,19268,0,0,0,0,0,0,0
5521,0,18343,0,8861,0,0,0,0,0,0,0,0,0
0,13482,3635,0,0,0,20291,11646,223,10226,2202,19268,0,0,0,0,0,0
0,0,0,0,6816,0,5521,0,19268,0,0,0
0,0,0,19268,0,0,0,0,19268,0,0,0,19268,0,0
0,0,1670,0,0,0,0,0,19268,0,14561,223,0
18431,0,0,0,19268,0,0,0,0,0,0,0,0
0,0,0,0,0,0,0,0,19268,0,0,0,0,0,0,0,0
0,0,0,0,0,0,0,0,0,0,0,0,0,14145,0
0,0,15614,19268,17752,0,18475,0,0,1670,0,1670,0,0,0,0,0
0,0,0,0,19268,0,0,0,0,0,0,0,0,0
0,0,0,0,7940,0,0,0,0,0,0,0,0,0
1670,0,0,0,0,19268,0,0,0,0,0,19268,0,0,0
0,0,0,0,0,0,0,0,0,0
0,0,0,0,0,0
0,0,0,0,0,0,0,0,13482,1315,15652,0
0,2202,0,0,0,19268,0,0,0,0,0,0,0
0,0,0,0,0,0,0,0,0,0,0,0,19268,0,0
0,0,7940,0,0,0,0,0,0,0,0,0,0
0,0,0,0,0,0,0,0,0,0,0,0
0,0,0,19268,0,0,0,19268,0,0,0,0,0
0,17481,0,0,0,0,0,0,0,0,0,0,0,1315,14148,0
0,19268,0,0,3635,0,0,0,20291,7847,9987,14454,0,15509,7940,0,0,0,0,0,0
0,0,0,0,17752,5403,14148,0,19268,0,0,0,3635,0,0,0,20291,0
16313,9987,14454,19268,14455,12766,7940,0,0,0,0,0,0,0,0,0,0,0,0
0,0,0,0,20291,17752,0,19268,0,0,0,0,0,0
0,0,0,0,0,3635,0,0,0,20291,16616,15741,0,1203,14456,0,0,0,20129,0,0,0,0
0,0,0,0,0,0,0,0,0,0,0,0
0,0,0,0,13482,1315,16319,0,2202,0,0,0,0,0
0,0,0,0,0,19268,0,0,0,0,0,0,0,0
0,0,0,19268,0,0,0,0,0,19268,0,0,0,0,0
0,0,0,0,0,0,0,0,0,19268,0,0,0,0
0,0,0,0,0,19268,0,0,0,0,0,0,0,0
0,0,0,7940,0,0,0,0,0,0,0,0
0,0,19268,0,0,0,0,0,0,0,0,0,0
0,0,0,0,0,0,0,0,0,0,0,0,0,0
0,0,19268,0,0,0,19268,0,0,0,0,0,0,0,0
0,0,0,0,0,0,0,19268,0,0,0,0,0,0,0,0,0
0,0,0,0,0,0,19268,0,0,0,20291,17752,0,19268,0,0
0,9944,0,0,0,0,0,15509,0,0,0,0,19268,0,0,0,0,0
0,0,0,0,0,0,0,0,19268,0,0,0
0,0,19268,0,0,0,0,0,0,0,0,0
0,0,0,0,0,0,0,0
0,0,0,0,0,0,0
0,0,1315,14148,0,0,0,0,0,0,0,0,0,0
0,0,0,0,0,0,0,0,0,0,0,0,0,0,0
0,0,0,0,0,19268,0,0,0,3635,0,0,0,0,0,0,19268,0,0
0,0,0,0,0,0,0,19268,0,3635,0,0,0,0,0,7847,5403,0
16616,0,0,0,0,0,14144,19268,14146,19268,0,20539,0,0,0,0,0,5750,0,8861,0
14885,0,5982,0,0,0,14145,0,0,0,0,19268,3635,0,0,21396,20291,7847,0
0,0,0,0,0,0,0,0,0,7940,3635,0,0,0,0,0
0,7847,0,16616,19268,0,0,0,0,19268,0,0,0,0,7940,0
0,3635,0,0,0,1315,16616,19268,0,0,0,0,0,0
0,0,0,0,0,0,0,0,0,0,0,0
0,0,0,0,19268,0,0,0,0,0,0,19268,0
0,0,17515,0,0,0,0,0,0,0,0,0,0,0,0
0,0,13482,834,2202,0,6816,0,16795,0,5521,0,0
0,0,0,0,6847,0,0,0,0,0,0,0,0,0
0,0,0,0,19268,0,0,0,0,19268,0,19268,0,0,0
0,0,0,0,0,0,0,0,14451,0,0,0,19268,0,0,0
0,19268,0,0,0,0,0,0,0,0,0,0,19268,0,0
0,0,0,0,0,0,0,0,0,0,0,0,0,0
0,0,0,0,0,0,0,0,0,0,0,0,0
0,0,0,0,0,0,0,0,0,0,0,0,0,0,0
0,0,0,0,0,0,0
0,0,0,0,0
0,0,0,0,0,0,13482,0,0,0,0
0,2202,0,0,0,0,0,13482,7029,0,1338,19268,0,0,0
3635,0,0,0,0,0,0,0,0,0,2202,0,0,0,0
13482,17494,2202,0,0,0,0,0,0
0,0,0,0,0,0,19268,0,0,0,0,0
0,3635,0,0,0,20291,19697,19268,0,0,0,0,0,0,20129,20291,0
7847,0,0,0,0,0,2576,0,0,0,3635,0,0,21396,1315,16313,0,0,0
0,19268,0,0,0,0,0,0,0,19268,0,0,0,0,0
0,0,0,0,0,0,0,0,0,0
0,0,0,0,0,0,0,0,0,0,0,0,0
0,0,0,0,0,0,19268,0,0,0,3635,0,0,0,20291,15645,7940,0
0,0,0,0,0,0,0,0,0,21269,0,6109,9944,21291,19268,0
0,0,0,0,7072,0,6109,9944,0,0,20539,0,17494,0,0,0
0,0,20291,21268,0,6109,9944,21291,19268,0,15509,0,17681,20291,7073,0,6109,9944,21291,0,5982,0,17681,20291,0
6981,0,6109,9944,21291,9987,5066,12766,0,0,0,0,19268,0,0,0,0,0,0
0,19268,0,0,0,0,0,0,0,0,0,0,19268,0,0,0
0,0,0,7940,0,0,0,5982,0,17681,0,19268,0,0,0,15509,0,17681,0,0
0,19268,0,0,0,0,18475,0,0
0,0,0,0,0
0,5982,0,0,0,0,0,0,0,0,19268,0,0,0
0,0,0,0,0,0,0,0,0,0,0,0,0
0,0,0,17481,0,0,0,0,0,0,0,0,0,0,0
0,0,20291,17752,0,19268,3635,0,0,0,0,0,0,16616,7940,0,0,0,0
0,19268,3635,0,0,0,0,0,0,7847,0,0,0,0,0,0,0,0,0
0,19268,0,0,0,0,0,0,0,0,0,0,0,0,0,0
0,0,0,19268,0,0,0,0,0,0,19268,3635,0,0,0,0,0,0
0,16616,19268,0,0,0,0,0,0,0,0,0,0,0,0
0,0,0,0,0,0,0,0,0
0,0,0,0,0,0,0,0,0,0,0,0,0
0,0,0,0,19268,0,0,0,0,0,0,0,0,0,0
0,0,0,0,0,0,0,0,0,0,0,0,19268,0,0
0,0,0,0,0,19268,0,0,0,0,0,0,0,0
0,0,0,0,0,0,0,0,0,18475,0,0,19268,0,0
0,0,0,0,0,0,0,0,19268,0,0,0,0,0
0,0,0,0,0,0,0,0,0,19268,0,0,0,0,0
0,0,0,0,0,0,0,0,19268,0,0,0,0,0,0,0
0,0,0,0,19268,0,0,0,0,0,0,0,0,0,0,0
0,0,0,0,19268,0,0,0,0,0,0,19268,0,0
0,0,0,0,0,0,0,0,0,0,0,0,0,0
0,0,0,13482,6096,2202,19268,0,0,0,0,0,0,0,0,0
0,0,0,0,0,0,19268,0,0,19268,0,0,0,0,0
0,0,0,0,19268,0,0,0,0,0,0,0
0,0,0,5982,0,0,3635,0,0,0,0,0,0,0
0,3635,0,0,0,0,19268,0,0,15509,0,0
0,15509,0,0,5982,0,0,3635,0,0,0,0,0,0
3635,0,0,21396,0,0,0,0
20291,17325,0
20291,19697,0
20291,2228,223,962,0
0,1123,0
20291,9744,0
20291,21019,0
0,0,0,0,0,0,0,0,0,0,19268,0,0,0,0
0,0,0,0,0,0,0,7940,0,0,0,0,7940,0
0,0,0,7940,0,0,0,0,0
20291,15652,0,0,0,0,0,0,0,0,7940,0,0,0
0,0,0
20291,15652,0,0,0,0,0,0,0,0,0,0,0,0
0,7940,0,15652,0,19268,0,0,0,19268,0,0,0,19268,0,0,0
0,1315,14148,0,7940,0,0,0,0,0,0,0
0,0,0,13482,1670,2202,0,1670,0,0
9944,1315,15652,0,19268,0,0,17752,0,14148,0,0
0,15652,0,0,0,0,0,20291,17752,0,7940,0,0,0,0
0,7940,0,0,0,0,0,0,0,0,0,0,0,0
0,7940,0,0,0,0,0,0
0,17481,0,0,0,0,0,0,7940,3635,0,0,21396,0,0,0,0,0,0,0,0,0
0,0,0,0,0
0,19268,0,0,0,0,0,0,0,19268,0,0
3317,0,0,0,0,0,13482,0,2202,0,0,0,19268,0,0
0,0,0,0,0,19268,0,0,0,0,3635,0,0,0,0,0,0
0,0,0,0,0,0,0,0,0,0,3635,0,0,0,0,0,0
0,0,0,0,0,0,0,0,0,0,0,0,0,0
0,19268,0,0,0,0,0,0,0,0,0,19268,0,0,0
3635,0,0,0,0,0,0,19268,0,0,0,0,0,0,0,0,0
0,19268,0,0,0,0,0,0,0,0,0,0,0
0,0,0,0,0,18475,0,3635,0,0,0,0,0,0,0,0,0,18343,5403,0
11646,0,0,0,0,0,0,0,0,0,0,0,0,0,0,0
0,0,0,0,0,0,0,0,0,0,0,0,0,0,0,0,0
0,0,19268,0,0,0,0,0,19268,0,0,0,0,0,0
0,0,0,0,0,1670,0,0,0,0,0,0,0,0,0
0,0,0,0,0,0,19268,0,0,0,0,0,0,0,0,0
0,0,0,0,0,0,0,0,0,0,0,0
0,0,0,0,5982,0,0,3635,0,0,21396,0,0,0,0
0,0,0,0,0,0,0,17481,0,0,0,0,0,0,0,0,0
0,0,0,0,0,0,0,0,0,6063,0,0,0,0,0,0,0,0
0,0,0,0,0,0,0,0,0,0,0,0,0,0
0,0,0,0,0,0,0,0,0,0,0,0,0,0,0,0,0,0,0
0,0,0,0,0,0,0,0,0,0,0,0,0,0,0,0
0,0,0
5982,0,0,0,0,0,0,0,0,0,0
0,0,0,0,13482,12005,0,0,0,2202,0
0,0,0,0,0,0,0,0,0
15741,0,15741,0,0,0,0,0,0,0,0,0,0,19268,0
0,0,19268,0,0,0,0,0,0,0,0,0,0
0,0,0,0,0,5982,0,0,0,0,0,0,0,19268,0,0
0,0,0,0,0,0,0,0,0,0,0,19268,0,0,0
0,0,0,0,0,0,0,0,0,0,0,0,0,0
0,0,0,0,9987,15509,12766,0,0,0,0,0,0,0,0,0
0,0,0,0,12011,0,0,0,0,0,0,0,0,0,0
0,19268,0,0,0,0,5982,0,0,0,0,0,0,0,0,0
0,0,0,0,0,0,0,0,0,9987,5982,12766,0,0,0,19268,5982,0,0,0,0
0,0,0,0,0,0,0,0,0,0,0,0
0,19268,0,0,0,0,0,0,0,0,5982,0,0,0,0,0
0,0,0,0,0,0,0,0,0,0,0,0,0,0
0,19268,0,0,0,0,0,0,0,0,0,0,0,0,19268,0,0
0,0,0,0,0,0,0,0,0,0,0,0,0,0
0,0,0,5982,0,0,0,0,0,0,0,0,0
0,0,0,0,0,0,0,0,0,0
0,0,0,19268,0,0,5066,223,0,13881,0,5403,0,14149,223,0,13881,0,9987,18343,9740,2228,12766,0,0,0,0,0,0,0
0,0,0,0,19268,0,0,0,0,0,0,0
0,0,0,14145,223,0,16313,0,19268,0,0,0,19352,0,0,0,0,0,0,0
0,0,0,0,15509,223,0,720,0,0,9987,14557,12766,0,0,0,0,0,0,0,0,0,0
0,0,0,19268,15068,0,0,0,0,0,0,0,19268,0,0,0
0,0,0,0,14144,223,0,15381,0,19268,0,0,0,0,0,9987,5066,12766,0,0,0,0
0,19268,0,0,0,0,0,0,0,0,12010,0,0,0,0,0
0,0,0,0,0,0,0,0,14144,223,0,15645,0,19268,0,0
0,0,0,0,0,0,0,0,15509,223,0,16285,0,0,9987,14145,12766,0,0,0,0
0,0,0,0,19268,0,0,0,0,0,0
0,0,0,0,0,0,5982,223,0,11646,0,0,9987,14144,12766,0,0,0,0,19268,0,0
0,0,0,0,0,0,0,0,0,19268,0,0,0
0,0,19268,0,0,14453,0,0,0,0,5982,0,0,0,0,0,0,14783,223,0,7847,0,0
0,0,0,9987,14147,12766,0,0,0,0,0,19268,0,0,0,0
0,0,0,0,0,0,0,9987,14146,12766,0,0,0,0,0,0
0,0,0,0,0,19268,15380,223,0,5745,0,0,0,0,0
0,0,9987,14149,12766,19268,0,0,0,934,0,0,0,0,5982,0,0,0,0,0
0,0,0,0,0,0,15650,223,0,16616,0,9987,14148,12766,19268,0,0,0,0
0,0,0,0,0,0,0,0,0,0,0,0,0,0
0,0,0,0
0,0,0,5982,0,0,0,0,0,0,0,0,0,0,0
0,0,0,0,0,0,0,0,0,0,0,0,18343,0
0,0,9987,14151,12766,19268,0,0,0,0,0,15509,0,0,0,0,0,13482,1253,2202,0,0
0,0,0,0,0,0,0,19268,0,0,0,0,0
0,13482,0,14790,2202,0,0,0,0,0,0,0,0
13482,2917,0,10242,0,8579,0,8508,0,12770,0,3997,19268,0,704,2202,0,19268,0,0
0,0,0,0,0,0,0,0,14790,0,0,0,9987,14150,12766,0,0
0,0,0,0,0,0,1253,0,0,0,0,0,0
0,0,0,0,13482,0,0,5982,2202,0,0
0,0,15509,15741,0,0,0,0,0,0,0
0,0,0,0,0,0,0,18343,0,0,0,0
0,0,0,0,0
13482,15509,0,0,0,0,0,2202,0
0,0,0,9987,0,13204,0,934,0,9639,0,9944,0,14449,0,17681,19268,0,21377,0,934,0,9639,0,9944,0,5259,0
13482,0,18343,0,9639,0,9944,0,6109,2202,12766,19268,0,0,0
0,0,0,0,0,0,0,0,0,0,0
0,0,0,0
0,0,0,0,0,0
0,0,0,0,0
15741,0,15741,0,0,17481,1253,17481,0,0,0,7940,13204,17481,0,0,0,0,7940,21377,17481,0,0
0,0,9944,0,0,0
0,0,5982,15741,0,0,0,0,0,0,0
0,0,0,0
1253,0
15509,0,0,0,19268,1253,0,0,0,0,0,16621,0
5982,0,0,0,19268,1253,0,0,0,6086,0,5403,0,16315,0
14766,0,1253,0,0,0,15068,0,5403,0,18940,0
14765,0,1253,0,0,0,934,0,5403,0,15067,0
8861,0,1253,0,0,0,14148,0,5403,0,14458,0
17752,0,0,0,20291,14148,0
15741,0,15741,0,0,17481,0,0,0,0,0,0,0,0,0,0,0,0,0,0,7940,0
1253,17481,0,0,0,0
15741,0,15741,0,0,0,0,5982,0,0,0,0,0,0,0,0,0,0,0
0,0
15509,223,0,0,0,17481,0,0,5982,0,0,0,0,0,0,0,0
0,0,0,0,0,0,0,0,0,19268,0,0,0,0,0
0,0,0,19268,0,0,0,0,0,0,0,0,0,0,0
0,0,0,0,0,0,0,0,0,0,0,0,0,0,0,0
0,0,0,0,0,0,0,0,0,9987,19352,12766,0,0,0,0
0,0,0,0,0,0,0,0,0,0,0,0
0,19268,0,0,0,1315,17752,223,0,3180,0,6109,0,9944,0,21291,0,0,0,0,0,0,0
0,0,0
5982,223,0,0,0,0,17481,0,0,5982,0,0,0,0,0,0,0
0,0,0,0,0,0,0,0,19268,0,0
0,0,0,0,0,0,0,0,0,5982,0,0,0,0,3635,0,0,0
0,0,0,0,0,0,0,5982,0,0,0,0,0,0,0,0
0,0,0,0,3635,0,0,0,0,0,0,2228,223,0,13881,0,5403,0,5066,223,0,13881,0,19268,0
0,0,0,0,0,0,0,0,0,0,19268,0,0
0,0,0,0,0,0,0,0,0,0,0,9987,14152,12766,0,0
0,0,0,0,0,0,0,0,19268,3635,0,0,0
0,0,0,0,0,0,0,0,0,0,0,19268,0,0,0,0
0,0,0,0,0,0,0,0,0,9987,14151,12766,19268,0,0,0,0,0
0,0,0,0,0,0,0,0,0,0,0,0,0
18343,223,0,0,0,0,0,17481,0,0,0,0,0,0,0
0,0,0,19268,0,0,5982,0,0,0,0,0,0,0,0,0
0,0,0,9987,14453,12766,0,0,0,19268,0,0,0,0,19268,0
0,0,0,0,0,0,0,19268,0,0,0,0,0
0,0,0,0,0,0,0,0,0,0,0,0,0,0,0,0,0
0,19268,0,0,0,0,0,0,0,0,0,0,0,0
0,0,0,0,0,0,0,0,0,0,0,0,0,0
0,19268,0,0,0,0,0,0,0,0,0,0,0,0
0,19268,0,0,0,0,0,0,0,19268,0,0,0
0,0,0,0,0,0,0,0,0,0,19268,0,0,1253,0,0
0,0,0,0,0,0,0,0,0,0,0,0,0,0,0,0
0,0,0,0,0,5982,0,0,0,0,0,0,0,0,0,0,0,0
0,0,0,0,0,0,15509,0,0,0,18343,9987,14454,12766,0,0
0,0,0,0,17481,0,0,0,0,0,0,0,0,0,0
0,0,0,0,0,0,0,0,19268,0,0,0,3635,0,0
15509,223,0,13881,0,5403,0,5982,223,0,13881,0,19268,0,0,0,0,0,0,0,0,0
0,9987,14454,12766,0,0,0,0,0,0,13482,17515,2202,0,19268,0,0,0
0,0,0,0,0,5982,0,0,0,0,0,0,0,0,0,0
0,9987,14455,12766,19268,0,0,0,0,0,0,0,0,0,0,5982,0,0,0,0
0,0,0,0,0,0,0,0,0,0,19268,0,0,0,0,0,0
0,0,0,0,19268,0,0,0,0,0,0,0,0,0,0,0
0,0,0,0,19268,0,0,0,0,0,0,0,0,0,0,0
0,19268,0,0,0,0,0,0,0,14766,0,0,0,0,0,19268,0,0
0,0,0,0,0,0,17481,0,0,0,0,0,0,0,0,0,0,0,0,0,19268,0,0,0,0,0,0,0,3635,0
15509,223,0,13881,0,5403,0,5982,223,0,13881,0,19268,0,0,0,0,0,0,0,0,0,5982,0,0,0
0,0,0,0,0,0,0,0,0
0,0,0,13482,0,0,0,0,0,2202,0,0,0
0,0,0,0,0,9987,14456,12766,0,0,0,0,0,0,19268,0,0,0
0,0,0,19268,0,0,0,0,0,0,15378,223,0,13881,0,0,0,0
0,19268,0,0,0,0,0,0,0,19268,0,0,0,0
0,0,0,19268,0,0,0,0,0,0,0,14449,0,17681,9987,14449,12766,0,0
0,0,0,0,0,0,0,0,15509,0,5403,0,5982,0,0,0,0,7940,0
18343,0,5403,0,17752,0,0,0,0,0
0,0,0,0,0,0,0,0,0,19268,0,0,0,0
0,0,0,0,6086,223,0,13881,0,0,0,9987,14450,12766,0,0,0,0,0,0,0
0,0,15509,0,5403,0,5982,0,0,0,0,0,0,7940,14766,0,0,0,7940,14765,0,5403,0,17752,0
0,0,0,0
0,0,0,0,0,0,0,0,0,0,0,0,19268,0
0,0,0,0,0,19268,0,0,0,0,0,0,0,0
0,0,15509,15741,0,0,0,0,0,0,0,0,0,0
0,0,18343,15741,0,0,0,0,0,0,0,0,0,0,5982,0,0,0,0,0,0,0,0,0,0
0,0
3635,0,0
13482,20170,0,2202,0
0,0,0,0
13482,17681,2202,0
0,0,0,0
13482,17681,2202,0
0,0,0,0,0
0,0,0,0
15741,0,0,0,0,0,15509,223,0,3180,0,5403,0,5982,223,0,3180,0,15509,223,0,17752,0,5403,0,15509,223,0,14557,0,17752,0,5403,0,11646,0,1253,0,6086,17481,0,0,7940,1253,0,15068,0,5403,0,18940,17481,0,0,0,0,0,0,0,0,0
0,0,0,0,7940,1253,20291,15068,17481,0,0
0,0
0,0,0
15741,0,0,0,0,9740,0,14145,223,0,3180,0,5403,0,14151,223,0,3180,0,14151,0,5403,0,14449,0,1253,0,6086,17481,0,0,7940,1253,20291,6086,17481,0,0,0,0
15741,0,0,0,0,9740,0,17752,0,14449,0,1253,0,6086,17481,0,0,0,7940,1253,0,15068,0,5403,0,18940,17481,0,7940,1253,20291,15068,17481,0,0,0,0
15741,0,0,0,0,15509,223,0,3180,0,5403,0,5982,223,0,3180,0,5982,0,5403,0,8861,0,14557,0,5403,0,14147,0,1253,0,6086,17481,0,0,7940,1253,0,934,0,5403,0,18940,17481,0,7940,1253,20291,934,17481,0,0,0,0
15741,0,0,0,0,0,9740,0,15509,223,0,17752,0,14557,0,1253,0,934,17481,0,0,7940,1253,0,14148,0,5403,0,14458,17481,0,0,19268,0,0,7940,0
1253,20291,14148,17481,0,0
0,0
15741,0,0,0,0,9740,0,11646,0,5403,0,14147,0,14145,0,5403,0,14453,0,1253,0,6086,17481,0,0,7940,1253,0,15068,0,5403,0,18940,17481,0,7940,1253,0,934,0,5403,0,15067,17481,0,0,0
0,19268,0,0,7940,1253,20291,934,17481,0,0
0,0
0,0
15741,0,0,0,0,9740,0,15509,0,8861,0,5403,0,11646,0,0,0,19268,0,0,0,0,0,0
15741,0,0,0,0,9740,0,9740,0,15509,223,0,18343,0,0,0,19268,0,0,0,0,0,0
15741,0,0,0,0,3180,223,0,17752,0,5403,0,5982,223,0,3180,0,9740,0,9740,0,0,0,9740,0
0,0,0,0
15741,0,0,0,0,9740,0,18343,0,5403,0,2228,0,5982,0,1253,0,15068,17481,0,0,7940,1253,20291,15068,17481,0,0,19268,0,0,0,0,0,19268,0,0,0
15741,0,0,0,0,15509,223,0,3180,0,5403,0,15509,223,0,17752,0,18343,0,5403,0,8861,0,9740,0,0,0,0,0,0,0,19268,0,0,0
0,0,0,0
15741,0,0,0,0,9740,0,5982,0,9740,0,1253,0,934,17481,0,0,7940,1253,20291,934,17481,0,0,0,0
15741,0,0,0,0,3180,223,0,17752,0,5403,0,3180,223,0,14557,0,9740,0,9740,0,1253,0,934,17481,0,0,7940,1253,20291,934,17481,0,0,0,0
15741,0,0,0,0,9740,0,9740,0,9740,0,1253,20291,934,17481,0,7940,0,1315,5982,223,0,3180,0,9639,0,9944,0,7082,17481,0,0,9740,0
5576,9740,8861,0,0,0
15741,0,0,0,0,9740,0,14147,223,0,8861,0,14449,0,1253,0,15378,17481,0,0,7940,1253,0,934,0,5403,0,15064,17481,15378,0,9639,0,9944,0,11852,7940,1253,20291,934,17481,14450,0,9639,0,9944,0,11852,0,0,0
15741,0,0,0,0,9740,0,5982,223,0,17752,0,14449,0,1253,0,15378,17481,0,0,7940,1253,0,934,0,5403,0,15064,17481,5982,223,0,17752,0,9639,0,9944,0,11852,7940,1253,20291,934,17481,0,0,0,0
15741,0,0,0,0,3180,223,0,11646,0,5403,0,15509,223,0,15509,0,5982,0,14449,0,1253,0,15378,17481,0,0,7940,1253,20291,15378,17481,15378,0,9639,0,9944,0,11852,0,0,0
15741,0,0,0,0,9740,0,1315,13683,0,9740,0,0,0,0,0,0
15741,0,0,0,0,9740,0,14454,0,9740,0,1253,0,6086,17481,0,0,7940,1253,0,934,0,5403,0,6086,17481,14147,223,0,17752,0,9639,0,9944,0,11852,7940,1253,20291,934,17481,11646,223,0,14450,0
9639,0,9944,0,11852,0
0,0,0
15741,0,15741,0,0,17481,1253,17481,0,0,0,7940,0,5576,9740,8861,17481,0,0,0,9740,0,0
0,0,9987,14451,12766,0,0,0,0,0,0,0,0,0,15509,0,5403,0,5982,0,0,0
0,0,0,0,7940,18343,0,0,0,19268,8861,0,5403,0,17752,0,0,0,0,0,0,0,0
0,0,0,0,15509,0,5403,0,5982,0,0,0,0,0,0,7940,0,0,14766,0,0,0
0,19268,14765,0,0,0,7940,8861,0,5403,0,17752,0,0,0,0,0
0,0,0,0,0,0,0,0,0,0,0,0,0,0
0,19268,0,0,17752,223,0,13881,0,0,0,19268,0,0,0,0,0,9987,14452,12766,19268,0,0
0,0,0,0,0,0,0,0,0,0,0,0,0,0,0
9631,2202,0,9740,15509,0,19268,0,0,0,0,0,9987,14457,12766,0,0,0,0,0,0,0
0,0,0,0,15509,0,5403,0,18343,0,0,0,0,0,0,0,0,7940,8861,0,0,0
0,0,7940,17752,0,0,0,0,0
0,0,17481,0,0,0,0,0,0,0,0
0,19268,0,0,0,3635,0,3180,223,0,15381,0,5403,5982,223,0,13881,0,19268,0,0,0,0,0
0,0,0,0,0,0,9987,14454,12766,0,0,0,0,0,0,0,0
0,0,0,0,0,0,19268,0,0,0,0,0,0,0,0
0,0,0,16318,223,0,13881,0,0,0,0,19268,0,0,0,0,11646,223,0,13881,0,5403,0
14151,223,0,13881,0,0,0,0,0,0,0,0,0,0,0,0,19268,0,0
0,0,0,0,0,0,0,0,19268,0,0,0,0,0
0,0,19268,0,0,0,0,0,0,9987,14458,12766,0,0,0,0,0,0,0
0,0,0,0,0,0,0,0,0,0,0,0,0
0,19268,0,0,0,0,0,0,15509,0,9944,0,17752,9987,934,12766,0,0,0,0,0,15509,0,5668,0,0,0
0,0,0,0,0,0,0,19268,0,0,0,0,0
0,0,0,0,0,0,19268,0,0,0,0,0,3635,0
15509,223,0,19364,0,19268,0,0,0,0,18343,223,0,13881,0,9987,14788,12766,0,0,0,0,0,19268,0,0
0,0,0,0,0,0,0,0,0,0,0,7940,0,0
0,0,0,6086,0,9639,0,9987,14147,12766,0,0
0,0,0,0,0,0,0,14557,223,0,13881,0,0,0,9987,14787,12766,0,0
0,0,0,6063,0,0,0,0,19268,0,0,0,0,2228,0,11852,0,0,19268,0,0,0
0,0,0,0,19268,0,0,0,0,0,0,0,0
0,0,0,0,19268,0,0,0,0,0,0,0,0
0,0,0,9987,14786,12766,0,0,0,0,0,0,0,0,0,0,0,0
0,0,0,4101,0,0,0,0,0,0,0,5982,0,0,0,0,0,0
0,0,0,0,19268,0,0,0,0,0,0,13482,0,0
0,0,0,0,0,0,0,0,0,0,0,2202,0,0,0,0,0,0
0,0,5982,223,0,13881,0,19268,0,0,0,0,0,0,0,0,0,0
0,0,0,9987,14792,12766,0,0,0,0,0,0,0,0,0
15509,0,5403,0,17752,0,0,0,0,0,0,0,7940,0,0,0,0,19268,0,0
3180,223,0,17752,0,9639,0,0,0
0,0,0,0,0,0,0,0,19268,0,0,0
0,0,0,0,18343,0,0
0,0,0,0,17481,0,0,0,0,19268,0,0,0
3635,0,15509,223,0,13881,0,5403,15509,223,0,15381,0,0,0,0,0,0,0,0,0,0,0
0,7940,0,0,0,0,19268,0,0,0,0,0,0,0,0,0
0,0,0,0,0,0,0,0,0,0,0,0
9987,0,0,0,13482,7127,2202,0,0,0,5982,0,0,0,12766,0,0,0
0,9987,14454,12766,0,0,0,19268,0,0,0,0,0,0,0,0,0,0,0
0,0,0,19268,0,0,0,0,0,0,0,0,13482,0,0,0
0,0,2202,0,9987,939,12766,0,0,0,0,0,0,0,0,15509,0,5403,0,14766,0,0,0
0,0,19268,0,0,0,7940,14765,0,5403,0,17752,0,0,0,0,0,0,19268,0
0,0,0,0,0,0,0,0,0,0,0,0,0,19268,0
0,0,0,0,0
0,0,0,17481,0,0,0,0,0,1276,223,0,15381,0,5403,0
3180,223,0,16313,0,9987,14152,12766,0,0,0,19268,0,0,0,0,0,0,0,0,0,0
0,0,0,0,0,0,0,0,0,0,0,0,0,0,0,0
0,0,0,0,0,0,0,0,0,0,0,19268,0,0,0
0,0,0,19268,0,0,0,0,0,0,0,0,0,0
0,0,0,0,0,0,0,0,0,0,15509,0,5403,0,18343,0,0,0,7940,8861,0,5403,0,17752,0
0,0,0,0,0,0,0,0,0,0,0,15509,0,5403,0,18343,0,0,0,7940,0
8861,0,5403,0,17752,0,0,0,0,0,0,0,0,0,0,0,0,0,19268,0
0,0,0,0,0,0,0,18343,0,0
0,0,0,0,9740,0,13482,5576,9740,8861,2202,0,17481,0,0,0,0
0,0,5576,9740,8861,0,0,0,0,0,0,0,0,15509,13482,18221,9740,15509,2202,0,0
0,0,0,19268,0,0,0,0,18221,9740,15509,0,0,0,0,0,0,0
0,0,0,0,0,0,0,0,0,0,0,19268,0,0,0,5576,9740,8861,0,0,0
0,0,0,0,0,0,0,0,0,0,0,0,0,0,0
0,0,0,0,19268,0,0,5576,9740,8861,0,0,0,0,0,3635,0,0
0,0,0,0,0,0,0,0,9987,14791,12766,0,0,0,0,0,0,0,0
5576,9740,8861,0,0,0,0,0,0,0,0,0,0,0,0,0,0
0,0,0,0,0,0
0,0,0,0,15999,223,0,13881,0,0,9987,935,12766,19268,0,0,0
0,0,0,0,0,0,0,0,0,0,0,0,0
13482,3217,2202,0,0,0,5982,0,0,19268,0,0,0,0,0,0,0,0
0,0,0,0,8861,0,0,7940,0,0,0,0,0,0,0,0,0
0,19268,0,0,0,0,0,0,0,0,0,0,0,19268,0
0,0,0,0,0,0,0,0,0,0,0,9987,14784,12766,0,0,0,0
0,0,0,0,0,0,0,7940,1253,0,0,934,0,5403,0,15378,0,9642,0,0
14922,9740,15509,0,13482,15509,223,0,4930,2202,0,9740,15509,0,0,0,0,15378,0,9639,19268,0,0,15509,0,0,13482,0,10817,2202,7940,0
0,0,0,0,0,0,0,19268,0,0,0,0,0,0
0,0,0,0,0,0,9987,14783,12766,7940,0,0,0,0,0,0,0
0,0,0,0,0,0,0,5982,223,0,17752,0,9639,19268,10817,7940,0,0,0,0,0
0,0,0,0,0,0,0,19268,0,0,0,0,0
0,0,0,0,0,0,0,0,0,0,0,0,0,0
0,19268,0,0,0,0,0,0,0,15656,223,0,13881,0,7940,0,0,0,0,13482,0,0,0
11252,2202,0,0,0,19268,0,0,0,14456,223,0,13881,0,0,0,0,0,0
0,0,0,0,9987,15071,12766,0,0,0,0,0,0,0,19268,0,0,0
0,0,0,0,0,0,0,0,0,0,0,0,3217,0,0,0,0
0,0,0,15509,223,0,8861,0,15509,223,0,2228,0,0,0,5982,0,0,0,0,0,0,0,0,0,0,0
0,19268,0,0,0,0,0,0,0,19268,0,0,0
13482,2473,0,9944,0,5982,2202,0,0,0,0,0,0,0,5982,0,0,19268,0,19268,0,0,0,0
0,0,0,0,19268,0,0,0,15378,0,9639,0,10817,0,0,0,0,0
14449,0,17681,0,0,5576,9740,8861,0,0,0,9987,15072,12766,0,0
6086,223,0,13881,0,5403,7866,223,0,13881,0,0,0,0,0,0,0,0,0
0,9987,15069,12766,0,0,0,0,0,0,0,19268,0,0,0,0,0,3217,0
0,0,0,0,0,0,0,0,0,0,0,0,0,0
0,0,0,0,0,3217,0,0,0,0,5982,0,0,0,0,0,0,0,0
0,0,0,0,0,19268,0,0,0,0,0,3217,0,0,0,0
0,0,18343,0,0,0,0,8861,0,0,19268,0,0,18343,0,17681,0,0,0,0,2228,223,0,13881,0,0,0,0,0,0
0,0,0,0,0,0,0,0,0,0,0,0,0,0
0,13482,0,0,16621,223,0,13881,0,2202,0,0,0,0,0,0,19268,0,0,0,0
0,0,0,0,0,17752,223,0,13881,0,19268,0,0,0,0,0,0,0,0,0
0,0,9987,15070,12766,0,0,0,0,0,0,0,0,15509,0,5403,0,17752,0,0,0,0,0
0,0,0,0,0,0
8861,223,0,0,0,0,17481,13482,15509,2202,0,0,0,0,5982,0,0,0,0
0,0,0,0,0,0,19268,0,0,0,0,0,0,0
0,0,0,0,0,0,7940,0,0,0,0,13482,0,0,0
0,0,0,2202,0,0,0,0,0,19268,0,0,0,0,0,0
0,0,0,0,0,0,0,0,0,0,0,0,0,0
0,19268,0,0,0,0,9987,14454,12766,0,0,0,0,0,0,0
13482,15418,2202,0,0,0,0,0,0,0,0,5982,0,0,0,0
0,0,0,0,19268,0,0,0,0,0,0,0,0,0,0,0
0,0,0,13482,16394,2202,0,0,0,14145,0,0,0,0,0,19268,0,0
0,0,0,0,0,0,0,13482,5982,2202,0,0,5982,0,0,0,0,0,0
0,0,0,17481,0,0,5982,0,0,0,0,0,0,0,0,0
0,0,19268,0,0,0,0,0,0,0,0,0,19268,0,0,0
0,0,0,0,0,7940,0,0,0,0,0,0,0
0,0,0,0,9987,14147,12766,0,0,0,0,0,0,0,0,0,0,0
0,0,0,19268,0,0,0,0,19268,0,0,0,0,0,0
0,0,0,7940,0,0,0,0,0,0,0,0,0
0,19268,0,0,0,19268,0,0,0,0,0,0,0,0,0
0,0,0,0,0
0,0,0,0
5982,0,0,0,0,0,0,0,0,0,0,0,0,5982,0
0,0,0,0,0,0,0,0,0,0,0,0,19268,0
0,0,0,5982,0,0,0,0,0,0,0,0,0,0,0
13482,15509,223,0,4930,2202,0,9740,15509,19268,0,0,0,0,0,0,0,0,0
0,0,0,0,19268,0,0,0,0,0,0,0,0
0,0,0,0,0,0,0,0,0,0,0,0,19268,0,0
0,0,0,19268,0,0,0,0,0,0,0,0,0,0
0,9987,15067,12766,0,0,0,19268,0,0,5982,0,0,0,0,0,0,0,0,0
0,0,0,19268,0,0,0,0,0,0,0,0,0,0,0
0,0,0,19268,0,0,0,0,5982,0,0,0,0,0,0,0,0
0,0,0,19268,0,0,0,0,0,0,0,0,0,0
0,0,0,0,0,0,19268,0,0,0,0,19268,0,0,0
0,0,0,0,0,0,0
0,0,5982,0,0,0,0,0,0,0,0,0,0,0,0,0,0
0,13482,12005,0,0,0,2202,0,0,0,0,0,13482,0,0,0,0,2202,17481,0,0,0
0,0,0,0,0,0,0,0,0,0,0,0,0,0,0,0,0,0,0,0,0,0
0,0,0,0,0,0,0,0,0,0,0,0,0,0,0,0,0,0,0
0,14453,0,0,0,0,5982,0,0,0,0,0,0,0
0,12076,0,0,0,0,5982,0,0,0,0,0,0,0,0
0,0,19268,0,0,0,0,0,0,0,0,0,0
0,0,0,0,0,0,0,0,0,0,0,0,0
0,0,0,0,0,9740,8861,0,13482,12152,0,4396,9740,8861,19268,0,5576,9740,8861,2202,0,0
0,0,0,0,0,0,0,19268,0,0,0,0,0,0,0
0,0,0,0,0,0,0,0,0,0,0,0,0,0,0
0,0,0,0,0,0,0,0,0,0,19268,0,0,0
0,0,0,0,5576,9740,8861,0,0,0,0,0,0,0
0,9740,15509,13482,20999,9740,4113,0,12673,9740,15509,19268,0,18221,9740,15509,2202,0,0,0,0,0
18221,9740,15509,0,5982,5403,18343,0,19268,18221,9740,15509,0,0,0,0,0,0,0
0,0,0,19268,0,0,0,0,0,0,0,0,0
0,0,0,0,0,0,0
0,0,0,0,0,5576,9740,8861,0,0,17752,0,19268,0,0
0,0,13482,14100,2202,0,0,0,13482,14044,2202,0,0,0
0,13482,2144,2202,0,0,0,13482,3651,2202,0,0,0,0
13482,8156,2202,0,0,0,0,5576,9740,8861,0,0,0,0,0,0
0,0,0,0,0,0,19268,0,0,5576,9740,8861,0,0
0,0,0,0,0,0,0,13482,0,3629,5403,7008,2202,0,0
0,0,0,0,0
0,0,0,0,0,0,0,0,0,0,0,0
0,19268,0,0,0,0,0,0,0,0,0,0,19268,0
0,0,0,0,0,0,0,0,0,0,19268,0,0,0,0
0,19268,0,0,0,19268,0,0,0,0,0,0,0
0,0,0,0,0,0,0,0,5982,0,0,0,0,0
0,19268,0,0,0,0,0,0,0,0,13482,0,0,0,0
0,0,2202,0,0,0,0,0
0,0,0,0,19268,0,0,0,0,0,0,0,0
0,0,0,0,0,0,0,0,13482,0,0,7801,19268,1339,9740,0
3382,0,7801,19268,5245,9740,10242,0,3382,0,5427,0,10247,0,15634,0,10242,0,0,2202,0,0
0,0,0,0,0,0,0,0,0,0,0,0,0,0,0,0,0,0
0,0,0,0,0,0,0,0,0,0,0,0,0
0,0,0,0,0,0,0,0,0,0,19268,0,0,0
0,0,0,0,0,0,0,0,0,0,0,0,0
0,0,0,0,0,0,0,0,0,0,0,0,0,0
0,0,0,0,0,0,0,0,0,0,0,0,0
0,0,0,0,0,0,0,0,0,0,19268,0,0
0,0,0,0,0,0,0,13482,2338,0,7801,2202,0
0,0,0,0,19268,0,0,0,0,0,0,0,0,0,0
0,0,0,0,19268,0,0,0,0,0,0,0,0,0,0,0
0,0,0,0,0,0,0,0,0,0,0,0,0,0
0,0,0,0,19268,0,0,0,0,0,0,0
5576,9740,8861,0,0,0,0,0,0,0,0
0,0,0,0,5576,9740,8861,0,0,0,0,0,0,0
0,5982,0,0,0,0,0,0,0,0,0,0,0,0,0
0,0,0,0,0,0,0,0,0,0,0,0,0,0,0,0
0,0,0,0,0,0,0,0,19268,0,0,0,0,0,0,0,0
0,0,0,0,0,0,0,0
0,0,0,0,0,0,0,0,0,17481,0,0,0,0,0
0,0,0,19268,0,0,5982,0,0,0,0,0,0,7940,0,0
0,0,17481,0,0,0,0,0,0,0,0,0,0,19268,0
0,0,0,0,0,0,0,0,19268,0,0,0,0,0,0,0
0,5982,0,0,0,0,0,0,0,0
0,0,0,0,0,0,0,0,0,0,5982,0,0,0,0,0
0,17481,0,0,0,0,0,0,19268,0,0,5982,0,0,0
0,0,0,0,7940,0,0,0,0,0,0,0,0,0,0,0
0,0,0,0,0,0,0,0,0,19268,0,0,0,0,0,0
0,0,0,0,0
0,0,0,0,0,0,0,0,5982,0,0,0,0,0,17481,0
0,0,0,0,19268,0,0,0,0,0,0,0,0,0,0
0,7940,0,0,17481,0,0,0,0,0,0,0,0,0,0,0
0,19268,0,0,0,0,0,0,0,0,19268,0,0,0,0,0,0
0,0,0,0,0,0,0
0,0,0,0,0,0,0,0,0,0,0,0,0,0,0,0
0,0,0,19268,0,0,0,0,0,19268,0,0,0,0
5576,9740,8861,0,0,0,0,0,0,0,0
0,0,12011,0,14147,0,14144,0,0,0
5982,0,0,0,0,0,0,0,0
0,0,0,0,0,0,0,0,0,0,5982,0,0,17481,0,0
0,0,0,0,0,0,0,0,5982,0,0,0,0,0,0
0,0,0
0,0,0,19268,0,0,0,5982,0,0,0,0,0,0
0,0,0,0,0,7940,0,0,15509,0,0,0,0,0,0,0
0,0,0,0,0,0
0,0,0,0,0,0,0,0,19268,0,16394,0,0,0
0,0,0,0,0,0,0,0,0,0,0,5982,0,0,0
0,19268,0,0,0,0,0,0,0,0,0,0
0,0,0,0,0,0,0,0,0,0,0,0,19268,0
0,0,0,0,0,0,0,0,0,0,0,19268,0,0
0,15509,0,0,0,0,0,0,0,5982,0,0,0,0,15509,0
0,0,0,0,0,19268,0,0,5982,0,0,0,0,0,0
0,19268,0,0,0,0,5982,0,0,0,0,0,0,0,0
0,0,0,0,0,0,0,0,0,0,0,0,0,0
0,19268,0,0,0,0,0,0,0,0,0,19268,0,0,0,0
0,0,0,0,19268,0,0,0,0,0,0,0,0,7940,0,0
0,0,0,0,0,0,0,0,0,0,0,16394,0,0,0,0,1969,0,0,0,0,0,0,0,0,0
0,0,0,0,1455,0,0,0
0,0
0,0
0,0,0,0,0,0,0,0,0
0,0,6914,0,0,0,0,0,0,6914,0,0,0,0,0,0,6914,0,0,0,0
0,0,6914,14945,0,0,0,6914,14945,0,0,0
0,0,6914,2171,0,0,0,6914,2171,0,0,0
0,0,6914,0,0,0,0,6914,0,0,0,0
0,0,6914,0,0,0,6914,2171,0,0,0,6914,0,0,0,6914,2171,0,0,0
0,0,6914,0,0,0,6914,14945,0,0,0,6914,0,0,0,6914,14945,0,0,0
0,0,6914,0,0,0,6914,0,0,0,0,6914,0,0,0,6914,0,0,0,0
0,0,0,8084,0,0,0
0,0
0,0,0,0
0,0,0,0,0,0
0,0,6914,0,0,0,0,0,0,6914,0,0,0,0
0,0,6914,14945,0,0,0
0,0,6914,2171,0,0,0
0,0,6914,0,0,0,0
0,0,6914,0,0,0,6914,2171,0,0,0
0,0,6914,0,6914,0,0,0,0,0,0
0,0,0,0,18081,0,0,0
0,0
0,0
0,0
0,0
0,0,0,0,0,0,0,0,0
0,0,6914,0,0,0,0,0,0,6914,0,0,0,0,0,0,6914,0,0,0,0
0,0,6914,14945,0,0,0,6914,14945,0,0,0
0,0,6914,2171,0,0,0,6914,2171,0,0,0
0,0,6914,0,0,0,0,6914,0,0,0,0
0,0,6914,0,0,0,6914,0,0,0,0,6914,0,0,0,6914,0,0,0,0
0,0,0,3783,0,0,0
0,0
0,0
0,0,0
0,0,0,0,0,0,0,0
0,0,6914,0,0,0,0,0,0,6914,0,0,0,0,0,0
0,0,6914,14945,0,0,0,0,0
0,0,6914,2171,0,0,0,0,0
0,0,6914,0,0,0,0,6914,0,0,0,0
0,0,6914,0,0,0,6914,2171,0,0,0,6914,0,0,0,6914,2171,0,0,0,6914,0,0,0,6914,2171,0
0,0,0,0,6914,0,0,0,6914,0,0,0,0
0,0,0,0,2685,0,0,0
0,0
0,0
0,0,0,0,0,0,0,0,0
0,0,6914,0,0,0,0,0,0,6914,0,0,0,0,0,0,6914,0,0,0,0
0,0,6914,14945,0,0,0,6914,14945,0,0,0
0,0,6914,2171,0,0,0,6914,2171,0,0,0
0,0,6914,0,0,0,0,6914,0,0,0,0
0,0,6914,0,0,0,6914,2171,0,0,0,0,0
0,0,6914,0,0,0,6914,14945,0,0,0,6914,0,0,0,6914,14945,0,0,0
0,0,6914,0,0,0,6914,0,0,0,0,6914,0,0,0,6914,0,0
0,17481,0,0,0,0,0,0,0,7940,0,0,0,0,0,0,5576,9740,8861,0,0,19268,0,0,0,0,0,0,19268,0,0,0,0,0
0,5576,9740,8861,0,16394,0,1969,0,0,0,0,0,7940,0,0,0,0,0,0,19268,0,0,0,0,0,0,0,0,0,0,0,0
0,0,0,19268,0,0,0,0,5576,9740,8861,0,0,0,0,0,0,0,0,7940,0,2171,17481,0,0,7940,14945,17481,0,0,0,0,16394,17481,0,0,0
0,0,7940,1969,17481,0,0,0,0
0,15509,0,5576,9740,8861,0,0,0,0,0,0,0
0,0,0,0,0,0,0,0,0,0,0,0,0,0
0,0,5982,0,0,0,0,0,0,0,0,0,0,0,0
0,0,0,0,0,0,0,0,0
5576,9740,8861,0,0,0,0,0,0,0,0
12009,0,0,0,0,13482,19119,2202,0,5982,0,0,0,0,0
0,0,12011,0,0,0,0,0,0,5982,0,0,0
0,0,0,0,0,0,13482,15418,2202,9944,0,0,0,0,0
0,13482,5130,2202,0,0,0,0,0,13482,10366,2202,0,0,5982,0,0
0,0,0,0,0,5576,9740,8861,0,0,0,0,0,0,0
0,0,0,0,0,0,19268,0,0,0,0,0,0,0,0,0,0
0,0,0,0,0,13482,0,2202,19268,0,0,0,0,0,0,0,0
0,13482,0,2202,0,19119,0,0,0,5982,0,0,0,0,0,0
0,0,0,0,0,0,0,0,0,0,9740,0,0,0,0
0,0,7940,10366,0,0,0,0,15418,9944,5130,0,0,0
0,0,0,0,0,0,0,0,0,0,0,0,0,19268,0
0,0,0,0,0,0,0,19268,0,0,0,0,0,0,0
0,0,15509,0,0,0,0,0,0,0
5576,9740,8861,0,0,0,0,0,0,0,0,0,0
15509,223,0,0,0,0
0,0,0,19268,0,0,0,0,0,0,0,0,0
0,0,0,0,0,0,0,0,0,0,0,19268,0,0,0,0
0,0,0,0,0,0,0,0,0,0,0,5982,0,0,0
0,0,0,0,0,0,0,0,0,0,5982,0,0,0
0,0,0,0,0,0,0,0,0,0,0,0
0,0,0,14449,0,0,0,0,0,5576,9740,8861,0,0,0
3629,5403,7008,19268,0,0,0,0,0,0,0,0,0,0
0,0,0,0,0,0,0,3635,0,0,0,0,0,0,0
0,19268,0,5576,9740,8861,0,0,0,3635,0,0,0,0,0
0,0,0,0,0,3635,0,0,0,0,19268,5576,9740,8861,0,0
0,0,0,0,0,0,0,0,5576,9740,8861,0,0,0,0,0,0
0,0,0,0,0,0,0,0,0,0,0,0,0
5982,223,0,0,0,0
10490,0,5576,9740,8861,0,0,0,0,0,0,0,0,5576,9740,8861,0,0
0,0,0,0,0,0,0,0,0,0,0,0,0,0,0
0,0,0,0,19268,0,0,0,0,0,0,0,0,0,0
0,0,0,5982,0,0,0,0,0,0,0,19268,0,5982,0,0,0
0,0,0,0,19268,0,0,5982,0,0,0,0,0,0,0
0,0,0,19268,0,5576,9740,8861,0,0,0,0,0,19268,0,0
0,0,0,0,0,0,0,0,0,0,0,0,0,0
0,0,0,0,0,0,5576,9740,8861,0,0,0,0,0,0
0,0,0,0,3629,5403,15113,0,5576,9740,8861,0,0
0,0,0,0,0,0,0,0,0,0,0,0,19268,0,0
0,0,0,0,0,0,0,0,0,0,0,0,0,0,0
0,0,0,0,0,0,0,0,0,0,5576,9740,8861,0,0,0
0,0,0,0,0,0,0,0,0,0,0,0,0,0,0
0,0,16394,0,1969,0,0,0,0,0,0,0,0,0,0,0
0,0,0,0,0,5576,9740,8861,0,0,0,0,0,0,0,0,0
0,19268,0,0,0,0,0,0,0,0,0,0,0,0,0
0,0,0,0,0,0,0,0,0,5576,9740,8861,0,0,0,0
0,0,0,0,0,0,0,19268,0,0,0,0,0
0,0,0,0,0
18961,0,5576,9740,8861,0,0,0,0,0,0,0,0,0,0,0
0,0,1574,9740,0,13482,13368,0,5811,9740,11280,0
19117,9740,16130,2202,0,0,19268,0,0,0,0,0,0
0,0,0,0,0,0,0,0,0,0,0,0,0
5576,9740,8861,0,0,0,0,0,0,0,0,0,5982,0,0
0,0,0,0,0,0,0,19268,0,0,0,0,0
0,0,0,0,0,0,0,0,0,19268,0,0,0,0
0,0,0,0,0,0,0,0,0,0,0,0,0,0,0,0
0,0,0,0,0,0,5576,9740,8861,0,0,14945,0,0,0,0
0,0,0,0,0,0,0,19268,14449,0,0,0,3635,0,0
0,0,0,0,0,0,7008,19268,3635,0,0,0,0
16394,0,0,0,0,0,0,0,0,0,0,0,0,0
0,0,0,0,14945,0,0,0,19268,0,0,0,0,0
0,0,0,5576,9740,8861,0,0,14945,0,0,0,0,0,0
0,0,0,0,0,0,0,0,0,0,0,19268,14945,0,0
5576,9740,8861,0,0,0,0,0,0,0,0,0,0,0,0,0
0,0,0,0,0,0,0,0,0,0,0
10489,0,5576,9740,8861,0,0,0,0,0,0,0,0,0,0,0,0
0,0,0,0,0,0,0,0,0,0,19268,0,0,0
0,0,0,0,0,0,0,0,0,0,0,0,0
0,0,0,0,0,0,0,0,0,0,0,0,0,0
0,0,0,0,0,0,0,0,0,0,0,0,0,0
0,0,0,0,0,0,0,0,0,5576,9740,8861,0,0,0
0,0,0,19268,0,3635,0,0,0,0,0,0,0
0,0,5576,9740,8861,0,0,0,0,0,0,0,0,19268,0,0,0
0,0,0,0,0,0,0,0,0,0,0,16394,0,0
0,0,0,0,0,0,0,0,0,0,0,0,0,0,0
0,0,19268,0,0,0,0,0,0,0,0,0,0,0
0,0,0,0,0,0,0,0,0,0,0,0,0,0,0
0,19268,0,0,0,0,0,5576,9740,8861,0,0,0,0,0,0
0,19268,0,0,0,0,0,0,0,0,0,0,0,0,0,0
10494,0,5576,9740,8861,0,0,0,0,0,0,0,0,5576,9740,8861,0,0
0,0,0,0,0,0,0,0,0,0,19268,0,0,0,0
0,0,0,0,19268,0,0,0,0,0,0,0,0,0,0
0,19268,0,0,0,0,0,0,0,0,0,0,0,0,0
0,0,0,0,0,0,5576,9740,8861,0,0,0,0,0,0
0,19268,0,0,0,0,0,0,0,0,19268,0,0,0,0
0,0,0,0,0,0,0,0,0,0,0,0,0,0,0
0,0,0,0,16394,0,0,1969,0,0,0,0,0,0,0
0,0,0,0,0,0,0,0,0,0,0,0,0,0
0,0,0,0,0,0,0,0,0,0,0,0,0
0,0,0,0
10493,0,5576,9740,8861,0,0,0,0,0,0,0,0,0,0,0,0
0,0,19268,0,0,0,0,0,19268,0,0,0,5982,0,0
0,0,0,0,0,0,0,0,0,0,0,0,0,0
0,0,0,0,0,5982,0,0,0,0,0,0,19268,0,0,0
0,0,0,0,0,0,0,0,0,0,0,0,0,0,5982,0
0,0,0,0,0,0,5576,9740,8861,0,0,0,0,0
0,0,0,19268,0,0,0,0,0,0,0,0,0,0
0,0,5576,9740,8861,0,0,0,0,13482,0,0,0,0
0,0,0,0,2202,19268,0,0,0,0,0,0,0,0,0
0,0,0,0,0,19268,0,0,0,0,0,0,0,0,0,0
0,19268,0,0,0,0,0,5576,9740,8861,0,0,0,0,0
0,0,0,0,0,0,0,0,0,0,0,0,0,0
0,0,0,0,0,0,0,0,0,16394,0,1969,0,0,0
0,0,0,0,0,0,0,0,0,0,0,0,0,0,0,0,0
0,0,0,0,0,0,0,0,0,0,0,0,0,0,0
0,0,0,0,0,0,0,0,18343,0,0,0,0,0,0
5576,9740,8861,0,0,0,0
5576,9740,8861,0,0,0,0,0,0,0,0,19268,0,0
0,0,0,0,0,0,0,0,0,0,0,0,0
0,0,0,0,0,0,5576,9740,8861,0,0,0,0
0,18221,9740,15509,0,5982,5403,18343,0,19268,0,0,0,0,0,0,0,0,0,0,0
0,0,0,0,0,0,0,0,0,0,19268,0,0,0
0,0,0,0,0,0,0,0,0,0,0,0,0
0,0,0,5576,9740,8861,0,0,0,0,0,0,0,0
5576,9740,8861,0,0,0,0,10881,0,0,0,13482,1704,2202,19268,0,0,0,0
0,0,5576,9740,8861,0,0,0,0,0,0,0,0,0,0,0
0,0,19268,0,5576,9740,8861,0,0,0,0,0,0,0,0,19268,0
0,0,0,0,0,0,0,0,0,0,0,0,0,0,0
5576,9740,8861,0,0,0,0,0,0,0
15509,223,0,15509,0,0,0,0,0
18221,9740,15509,0,0,0,0,0,0,0,0,0,0
0,0,0,19268,0,0,0,0,0,0,0,0,0,0
0,0,0,0,0,0,0,0,0,0,15509,0,0,0,0
0,0,0,0,0,0,0,0,0,0,0,15509,0,0,0
0,0,5576,9740,8861,0,0,0,0,3635,0,19268,0,0,0
0,0,0,0,19268,0,0,0,0,0,0,5576,9740,8861,0,0
0,0,0,15509,0,0,0,0,0,0,0,19268,5576,9740,8861,0,0
0,0,0,0,15509,0,0,0,0,0,0,0,0,0,0,0
0,0,0,19268,0,0,0,0,0,0,19268,0,0,0,0,0
0,0,0,0,0,0,0,0,0,0,5576,9740,8861,0,0,0
0,15509,0,0,0,0,0
5982,223,0,5982,0,0,0,0,0,0,0,0
0,5576,9740,8861,0,0,0,0,19268,0,5576,9740,8861,0,0
0,0,0,0,0,0,0,0,0,0,0,0,0,0,0
0,0,0,0,0,0,0,0,0,0,0,0,0,0
0,0,0,0,0,0,0,0,0,0,0,0,0
0,0,0,19268,0,0,0,0,0,0,0,0,0,0
0,0,19268,0,0,0,0,0,0,0,0
18343,223,0,5982,0,0,0,0,0,0,0
0,0,0,0,0,5576,9740,8861,0,0,0,0,0
0,0,0,0,0,0,0,5576,9740,8861,0,0,0,0
0,0,0,0,0,19268,0,0,5576,9740,8861,0,0
0,19268,0,0,0,0,0,0,0,0,0,0,0,0
0,0,0,0,0,0,0,0,0,0,0,0,0,0,0
0,0,19268,0,0,0,0,0,0,13482,0,0,14150,0,2202,0
0,0,0,0,6937,0,10097,0,12456,0
0,19268,0,0,0,0,0,0,0,14479,0,0,0,0
0,0,0,0,0,19268,0,0,0,0,0,0,0,0,0
0,0,0,0,0,0,0,0,0,0,0,0,0,0,0,0,0
0,5982,0,0,0,0,0,0,0,0,19268,0,0,0,0
0,0,0,0,0,0,0,0,0,19268,0,0,0,0,0
0,0,444,0,0,0,0,0,0,0,0,0,0,0
0,0,0,0,0,0,0,0,0,0,19268,0,0,0,0,0
0,0,0,0,0,0,0,19268,0,0,0,0,0,0,0
0,0,444,0,0,0,0,0,0,0,0,0,0,0,0
0,19268,0,0,0,0,0,0,0,0,0,0,0,0
0,0,0,0
0,0,0,0,19268,0,0,0,19268,0,0,0,0
0,0
0,0,0,15474,0,0,0,0,0,0,0,0,0
0,0,0,0,0,0,0,0
0,0
0,0,0,0,0,0,0,0,0,0,0,0
0,19268,0,0,0,0,0,0,0,0,0,0,0,0,0
0,0,0,0,0,8861,0,0,0,0,0,0,5982,0,0,0,0,0,0,0,0
0,0,0,0,0,0,0,0,0,0,0,19268,0,0,0
0,0,0,0,0,0,5982,0,0,0,0,0,0,0,0,0
0,0,0,0,0,0,0,0,0,15474,0,0,0,0,0
0,0,0,0,13482,12642,2202,0,0,0,9740,0,0,0,0
0,0,0,0,0,0,0,0,19268,0,0,1574,0,0,9944,0,0,0,9944,0,0,0,0,0
0,0,12642,0,0,0,0,0,0,0,0,0,0,0,0,0
0,0,0,0,0,0,0,0,0,0,19268,0,0,0,0
0,0,0,0,0,0,19268,0,0,0,0,0,0
0,0,0,0,0,0,0,0,0,0,0,0,0,0,0
0,0,0,17481,13482,15509,2202,0,0,7940,13482,5982,2202,0,0,0,0,0,17752,0,0,0,0
0,0,0,0,19268,0,0,0,0,0,0,0,0,0,0,19268,0
0,0,0,0,0,19268,0,0,0,0,0,0,0,0,0,0,0
0,0,0,0,0,0,0,0,0,0,0,0
0,19268,0,0,0,0,0,0,0,0,0,0,0,0,0,0
0,0,0,0,0,0,18343,0,5386,0,0,0,0,8701,0,0,0,0,0
0,0,19268,0,0,0,0,0,0,0,0,0,0,0,0,0,0
0,0,0,0,0,0,0,0,19268,0,0,0,0,0
0,0,0
0,0,0,0,17481,0,0,0,0,0,0,0,0,0,0,0,0,0,0,0,0,0,0,0,0,0,0,0,0,0,13482,0,6297,0,0,0,0,0,2202,0,0,0,0,0
13482,0,19268,0,11489,2202,0
0,13482,0,2202,7940,0,0,0,0,13482,0,0,0,0,2202,7940,0,0,0,0,0
0,0,0,0,13482,0,2202,0
0,0,0,0,0,0,0,0,0,0
0,0,0,0,0
0,0,0,0,0,0,0,0,0,0,0,0
9987,0,12766,0,0,0,0,0,0,0,0,0,0,0,0,0,0,0,0,0,0,0,0,19268,0,0,0,0,0
0,0,0,0,0,0,0,0,0,0,0,0,0,0,0,0,0,19268,0,0,0,0,0,0,0,0,0,11646,0,18121,0,0,0,0
0,0,0,0,0,0,0,5982,0,4284,0,0,19268,0,0,0,0,0,0,0,0,19268,0,0,0,0
0,0,0,0,0,7940,0,0,0,0,0,0,19268,0,0,20186,0,0,0,0,0,0,0,0,0
0,0,0,0,0,0,10269,0,0,19268,0,0,18343,0,0,0,0,0,0,0,0,0,0,0,0,0,0,0,0,0,0,0,0,19268,0,0
0,0,0,0,0,0,0,0,0,0,0,0,0,0,0,0,0,0,0,0,0,0,0,0,19268,0,0,0,0
0,0,0,15509,0,0,0,15068,0,0,0,0,0,0,19268,0,0,0,0,0,0,0,0,0,0,0,0,13482,14790,2202,0,0,0,0,0
0,0,0,0,0,0,19268,0,0,0,18343,0,0,0,0,0,0,0,0,0,14148,223,0,4275,0,19268,0,0,0,0,0,0,0,0,0
0,0,0,0,0,0,0,0,0,0,0,0,0,0,0,0,0,0,0,0,0,0,0,0,0,0,0
0,0,0
9987,0,12766,0,0,0,0,7940,0,0,0,0,7940,0,0,0,7940,0,0,0
20336,0,10242,0,6891,0,4554,0,10242,0,7313,0,11429,0,5179,0,666,0,4095,0,12770,0,6839,0,8508,0,11923,0,10097,0,8835,9740,20021,0
15475,0,5815,0,0,0,0,0,13004,0,1950,16518,19268,0,15436,0,7817,9740,8002,19268,0,0,0,1068,9740,14180,19268,0,0,0,10680,223,0,16518,6859,0,15806,0,0,19268,0,15806,0
14614,19268,0,12402,0,17738,0,5638,19268,0,7371,0,0,19268,0,3949,0
9987,19484,12766,0,0,16922,0,0,2453,0,16027,0,7168,0,14471,0,10242,0,7313,0,11429,0,5179,0,4554,0,666,0,7895,0,1457,0,10341,0
10097,0,5186,0,7168,0,5336,0,9479,0,10242,0,7168,0,6891,0,11429,0,5179,0,6427,0,5817,0,4095,0,12770,0,6839,223,0,19706,0,16640,0,12336,0,10242,0
11646,0,18121,0,1590,0,5197,0,0,0,6391,0,10097,0,5982,0,4284,0,1590,0,5197,0,7168,0,16810,0,3402,0,13865,0,10242,0,12402,0,17738,0
5638,0,8736,0,11915,223,0,19255,0,1590,0,8736,0,18665,0,666,0,18436,0,10097,0,16345,0,7313,0,2956,0,6906,0,10097,0,2358,0
2798,0,8736,0,10464,223,0,12106,19268,0,18569,0,7642,0,6931,0,12579,0,14493,19268,0,10269,0,1590,0,666,0,19673,0,12770,0,6839,0,8736,0
4227,0,5197,0,11923,0,10097,0,8835,9740,20021,0,15475,0,5815,0,8508,0,20186,223,0,7275,0,7168,0,18343,9740,1881,0,10315,9740,11891,19268,0,7168,0,3341,0,10242,0,4095,0
12770,0,6839,0,10097,0,7168,0,20581,0,20987,0,10242,0,9612,0,7895,0,1457,0,10341,13482,14790,2202,8736,0,18352,223,0,1156,0,15768,0,11429,0
5179,13482,8560,2202,12579,0,7168,0,18091,0,20581,0,11759,0,10242,0,4095,0,1253,0,8508,0,10862,9740,21627,0,21439,223,0,7718,0,5982,0,16050,0,8736,0,17380,0,6465,0
6371,0,10097,0,17512,19268,0,10210,0,5817,0,4147,0,5707,0,14185,0,15068,0,418,0,16798,0,8508,0,7168,0,3295,0,3261,19268,0,7168,0,4554,0,10242,0,6891,0,7313,0,11429,0,5179,0
12579,0,7168,0,20581,0,11759,0,5817,0,16962,0,14790,0,8508,0,7168,0,11549,0,10242,0,16050,223,0,7275,0,18343,9740,1881,0,10315,9740,11891,19268,0,7168,0,3341,0,10242,0,4095,0,12770,0
6839,0,12579,0,14148,223,0,4275,0,10097,0,8560,0,12579,0,7168,0,18091,0,20581,0,11759,0,10242,0,16962,0,14790,223,0,18100,0,7718,0,18635,0
10242,0,6891,0,7313,0,11429,0,5179,0,12579,0,6354,0,16312,0,666,0,12770,0,6839,19268,0,10097,0,7168,0,12707,0,8508,0,8560,0,0,0,19673,0,5119,0
274,0,6148,0,14332,0,951,0,5336,0,9479,0,5817,0,16962,0,1253,223,0
9987,3281,0,21723,12766,0,0,4718,0,5179,7940,0,13997,0,1457,0,10341,7940,0,0,0,12770,0,6839,7940,0,0,0,10097,0,8835,9740,20021,0,5815,0
13482,11788,0,18475,0,4611,0,3532,19268,0,12011,19268,0,14458,17481,0,17278,9740,17281,2202,0
0,0,0,0,13482,20520,0,13261,0,3997,19268,0,18013,2202,0
0,0,0,0,0,0,0,0,0,0,0,0,0,0
0,19268,15372,223,0,7847,0,5403,0,16315,223,0,7847,0,0,0,18013,0,0,0,0,0,0,0,0,0
0,0,0,0,0,0,0,0,0,0,0,0,19268,0,0
18013,0,0,0,0,0,0,0,0,0,0,0,0,0,19268,0,0,0,0
0,0,0,0,0,0,0,0,0,0,0,0,5662,223,0,14557,0
0,19784,0,9944,0,21291,19268,0,0,0,0,0,0,18123,223,0,8861,0,0,19784,0,9944,0,21291,19268,0,0
0,0,0,0,0,0,0,0,0,0,0,0,19268,0,0,0
0,0,0,19268,0,0,0,0,0,0,0,0,0,0
0,0,0
0,0,0,0,0,0,0,0,0,19268,0,0,0,0
0,19268,0,0,0,0,0,0,0,0,0,0,0,0,0,0
0,19268,0,0,0,0,0,0,0,19268,0,0,0
0,0,0,0,0,0,0,9987,15509,12766,0,0,0,0,0,0,0
0,0,13482,7313,0,11429,0,5179,19268,0,8560,2202,0,0,0,0,0,0,0,0
0,0,0,0,0,0,0,0,0,19268,0,0,0,0,0,0,0
0,0,0,0,0,0,0,0,0,0,0,9987,5982,12766,0,0
0,0,0,9987,18343,12766,0,0,0,14147,0,0,0,0,0,0,0
0,0,0,0,0,0,0,0,0,0,0,0,0,0
0,0,9740,0,0,0,0,0,14146,0,6561,0,0,0,0,0,0
0,0,0,0,0,0,0,0,0,0,0,0,0,0
0,0,0,9987,18343,12766,0,0,8560,0,0,0,0,0,0,0,0,0
0,19268,0,0,0,0,0,0,0,0,0,0,0,0
0,9987,8861,12766,0,0,0,19268,8560,0,0,0,0,0,0,0,0,0,0,0,0
704,0,0,9987,17752,19268,11646,12766,0,0,0,8560,0,0,0,0,0,0,0,0,0
0,0,0,0,0,0,0,0,9987,2228,12766,0,0,0,0,14457,0,2182,0,0,0,0,0
14453,0,5403,0,15064,0,0,0,0,0,0,8560,0,0,0,18013,0,0,0,0,0,0,0,0
0,0,0,0,0,0,0,0,0,0,0,0,0,0,0,0,0
0,19268,0,0,8560,0,0,0,0,0,19268,0,0,0,0,0,0
0,0,0,0,0,0,0,0,0,0,0,0
0,0,0,0,0,0,8560,0,0,0,0,0,0,0
0,0,0,19268,0,0,0,0,0,0,0,0,18013,0,0,0
0,0,0,0,0,0,0,19268,0,0,0,0,19268,0,0,0
0,0,0,0,0,9987,14557,12766,0,0,0,0,0,0,0,0
0,0,0,19268,0,0,0,0,0,0,0,19268,0,0,0
0,0,0,0,0,0,0,0,0
0,0,0,0
0,0,0,0,0
0,0,15509,0,0,0,19268,0,0,0,0,0,0,0,0,0
0,0,0,0,0,0,0,0,0,0,0,0,0,0,0,0
0,0,19268,0,0,0,0,0,0,0,0,0,19268,0,0,0,0
0,0,0,0,0,0,0,0,5982,0,0,0,19268,0,0,0,12009,0
0,0,2228,0,0,0,0,12012,0,0,0,2228,0,0,0,0,0,0,0,0
0,0,0,0,0,19268,0,0,0,14453,0,5403,0,18940,0,0,19268,0,0,0
0,0,0,0,0,0,18343,0,0,0,19268,0,0,20186,0,0,0,0,0,0,0
0,0,0,0,10269,0,0,0,0,18343,0,0,0,0,0,19268,0,0,0,14453,0,5403,0
18940,0,0,0,0
18343,0,0,0,0,0,0,0,0,0,0,0,19268,0,0
0,0,0,0,0,2228,223,0,3180,0,6109,0,9944,0,21291,0,0,0,0,3248,0,9641,0,20854,13482,15509,0
9641,0,20854,10787,3180,223,0,16277,0,3586,2202,0,13482,0,2202,0,0,16621,0,9641,0,20854,0,0,0,0
0,0,0,0,0,0,0,0,0,0,0,0,0,0,19268,0
0,0,0,0,0,0,0,0,0,0,0
0,0,0,0,0
0,0,0,0,0,0,0,0,0,0
13482,0,0,0,2202,19268,0,0,0,0,19268,0,0,0,0
0,0,0,0,0,0,0,0,0
15509,223,0,0,0,15509,0,0,0,0,0,0,0,0,0,0,0,0
0,19268,0,0,0,0,0,0,0,0,0,0,0,0,0
0,0,0,0,0,0,0,0,0,13482,17301,9740,19366,2202,0,0,0
0,0,0,13482,18341,9740,19366,2202,0,0,0,0,0,0,0,0
0,0,0,0,0,0,0,0,8560,0,0,0,0,19268,0,0,0
0,19268,0,19268,0,0,19268,0,19268,0,19268,0,19268,0,0,0,0,0
0,0,0,0,0,0,0,0,0,19268,0,0,0,0,0,0,0
0,0,0
5982,223,0,0,0,5982,0,18343,0,0,0,0,0,0,0,0,0,0,0,0
0,0,0,0,0,0,0,0,7940,17301,9740,19366,0,18341,9740,0
19366,0,0,0,0,0,0,0,0,0,0,0,0,0,0,0
8560,0,0,0,0,0,0,0,0,0,0,0,0
0,0,0,0,0,0,0,7940,0,0,0,7940,0,0
0,0,0,0,0,0,0,0,0,0,0,0,0,0
18343,223,0,0,0,0,0,17481,0,0,0,19268,0,0,0
0,0,0,0,0,19268,0,0,0,0,0,0,0,0,0,0
0,0,0,0,0,0,0,0,0,0,13482,0,9612,0,7895,0,1457,0,10341,19268,0
0,0,13482,9639,0,9944,0,7082,2202,0,9740,15509,223,0,11257,0,0,13482,0,2202,0,9740,3180,223,0,19470,0,13482,3180,223,0,2179,0,0,2202,0,0
8861,223,0,0,0,0,0,0,17481,13482,15509,2202,0,0,0,0,0,0
0,0,0,0,0,0,0,0,0,0,0,0,0,0
0,0,0,13482,0,0,2202,0,7940,0,0,0,0,0,0,0,0
0,0,3248,0,9641,0,20854,0,0,13482,0,2202,0,0,16621,0,9641,0,20854,0,0,0,0,0
0,0,0,0,0,0,13482,0,5982,0,2202,0,0,0,0,17481,0,17301,9740,19366,0,20291,0,15509,223,0,15509,0
6109,0,9944,0,21291,19268,0,18341,9740,19366,0,1315,0,18343,223,0,15509,0,6109,0,9944,0,21291,19268,0,0,0,0,5982,223,0,3180,0
6109,0,9944,0,21291,7940,0,0,0,0,0,0,0,0,0,0,0,0
0,0,0,0,13482,18343,2202,0,0,17481,0,0,1315,2228,223,0,3180,0,6109,0,9944,0,21291,0,0,13482,8861,2202,0
0,0,0,1315,16277,0,6109,0,9944,0,21291,0,0,13482,17752,2202,0,17481,0,0,0,14449,0
9102,0,9944,0,9631,19268,0,17481,0,0,0,14457,0,9102,0,9944,0,9631,0,0,13482,11646,2202,0,0,0,0
0,0,17481,0,0,0,0,0,0,0,19268,0,0,0,0,0
0,0,0,19268,0,0,0,19268,0,0,0,0,0,0,19268,0,0,0,0
0,0,0,0
0,0,0,0,0,0
0,0,0,0,0,0,19268,0,0,0,0,0,0
0,0,19268,0,0,14854,0,14146,223,0,3180,0,0,0,0,0,0,0
0,0,0,0,0,0,0,0,0,0,0,0,19268,0
0,0,0,0,0,0,0,0,0,0,0,0,0
0,0,0,0,0,0,0,19268,0,0,0,0,10787,3180,223,0,13876,0,0
0,0,0,0,0,0,0
0,0,0,0,0,0,0,0,0
0,0,15509,0,0,0,0,0,0,0,0,11646,0,18121,0,0,19268,0,0
13482,14784,223,0,3180,0,0,14557,223,0,3180,2202,0,13482,14453,0,5403,0,18940,0,0,2202,7940,0,0,5982,0,0,0,0,0,5982,0,4284,0,0,0
0,0,0,19268,0,13482,14784,223,0,5066,0,0,0,14145,223,0,3180,2202,0,13482,14453,0,5403,0,18940,0,0,2202,0,0,0,0
0,0,15509,0,0,0,0,0,0,0,0,0,0
344,0,15509,0,0,6859,0,19752,0,10097,0,5629,0,16885,0,10242,0,5982,0,16050,0
0,0
4238,0
0,0
13482,0,0,9944,0,0,2202,0
4437,0
13482,10430,0,9944,0,3716,2202,0
0,0
13482,0,2202,0
20932,0
13482,1881,2202,0
0,0,0
13382,0,11607,0
6541,0
13482,9102,0,9944,0,9631,2202,0
0,0
16349,0,9021,0
1379,0
13482,9641,0,20854,2202,0
0,0
8459,0,9021,0
1379,0
13482,9641,0,20854,2202,0
0,0,0
15768,0,15428,0
13482,0,19784,0,9944,0,21291,2202,0
0,0,0,0
0,9740,0,0
9223,0
13482,1420,0,9944,0,21291,2202,0
0,0,0
19875,0,7182,0
9724,0
13482,6109,0,9944,0,21291,2202,0
15509,0,11646,0,18121,13482,18343,0,14771,0,9944,0,18343,0,3158,2202,0,14784,223,0,3180,0,0,0,14557,223,0,3180,0,9740,0,9740,0,9740,0,18940,223,0,16321,0,0,0,14454,223,0,15655,0,14452,223,0,14148,0,0,0,5066,223,0,14456,0,8861,223,0,15375,0,0,0,3180,223,0,15650,0
5982,0,5982,0,13602,13482,15509,0,11252,0,9944,0,16074,2202,0,14784,223,0,5066,0,0,0,14145,223,0,3180,0,14456,223,0,16626,0,0,0,18343,223,0,15069,0,21843,0,0,0,14148,0,7858,0,0,0,14144,0,15655,223,0,7865,0,0,0,14149,223,0,9574,0,9740,0,17752,223,0,13879,0,0,0,3180,223,0,15380,0
0,0
4238,0
0,13482,0,0,9944,0,0,2202,0
4437,13482,10430,0,9944,0,3716,2202,0
0,0,0
15768,0
11429,0,5179,0
13482,0,19784,0,9944,0,21291,2202,0
0,0,0
4084,0,8297,0
13482,6109,0,9944,0,21291,2202,0
0,0
9485,0
13482,6109,0,9944,0,21291,2202,0
17301,9740,19366,0
13482,6109,0,9944,0,21291,2202,0
18341,9740,19366,0
13482,6109,0,9944,0,21291,2202,0
0,0,0,0
0,0
13482,14145,9740,5066,0,9944,0,21291,2202,0
15509,0,11646,0,18121,13482,18343,0,14771,0,9944,0,18343,0,3158,2202,0,7427,223,0,13869,0,0,0,7865,223,0,14146,0,8861,223,0,15376,0,0,0,15509,223,0,13869,0,15509,223,0,15373,0,0,0,3180,223,0,16618,0,15509,223,0,14788,0,0,0,3180,223,0,15072,0,5982,223,0,6089,0,0,0,3180,223,0,16321,0,9740,0
5982,0,5982,0,13602,13482,15509,0,11252,0,9944,0,16074,2202,0,17862,223,0,15379,0,0,0,15654,223,0,13875,0,8861,223,0,15373,0,0,0,3180,223,0,16622,0,15509,223,0,15374,0,0,0,15509,223,0,14152,0,15509,223,0,14457,0,0,0,3180,223,0,14791,0,5982,223,0,7858,0,0,0,3180,223,0,15991,0,18343,223,0,15991,0,0,0,15509,223,0,14452,0
0,0
4238,0
0,13482,0,0,9944,0,0,2202,0
4437,13482,10430,0,9944,0,3716,2202,0
0,0,0
0,0
13482,14145,9740,5066,0,9944,0,21291,2202,0
0,0
14438,0
13482,5259,0,9944,0,21291,2202,0
0,0
586,0,17915,0
21731,0
13482,6109,0,9944,0,21291,2202,0
0,0,0
8086,0
7382,0
13482,1420,0,9944,0,21291,2202,0
0,0,0
6449,0
7382,0
13482,1420,0,9944,0,21291,2202,0
14790,0
13482,11740,19268,17592,2202,0
15509,0,11646,0,18121,13482,18343,0,14771,0,9944,0,18343,0,3158,2202,0,9740,0,9740,0,8861,223,0,16625,0,0,0,15509,223,0,13879,0,14152,223,0,14451,0,0,0,14145,223,0,14456,0,14454,223,0,16618,0,0,0,14149,223,0,15999,0,21842,223,0,15072,0,0,0,14451,223,0,15070,0
5982,0,5982,0,13602,13482,15509,0,11252,0,9944,0,16074,2202,0,5982,223,0,13876,0,0,0,3180,223,0,6086,0,3244,223,0,14792,0,0,0,14151,223,0,13875,0,17752,223,0,13872,0,0,0,15509,223,0,939,0,14453,223,0,14454,0,0,0,14557,223,0,16318,0,14456,223,0,14146,0,0,0,19352,223,0,17662,0,13680,223,0,16322,0,0,0,14456,223,0,16617,0
0,17481,15509,0,9641,0,20854,10787,3180,223,0,16277,0,3586,7940,17301,9740,19366,17481,0,0,0,0,21690,9740,2736,0,12995,9740,8297,7940,18341,9740,19366,17481,0,0,0,0,13522,9740,2736,0,12995,9740,0
8297,7940,14790,17481,0,0,0,0,0,19516,0,7895,0,1457,0,10341,0
0,0,0,0,0,15509,0,0,0,0
0,0,0,0,0,15509,0,0,0,0,0,0,0,0,14790,0,0,0,0,0
0,0,0,0
15509,223,0,0,0,0,0,0,14790,0,0,0,0,0,0,0,0
0,17481,14790,0,0,0,19268,0,0,0,0,0,0,0,0,0
0,19268,0,0,0,0,0,0,0,0,0,19268,1253,0
0,0,0,0,0,0,0,19268,0,0,0,0,0,14790,0
0,0,0,0,0,0,0,0,0,0,0,1253,0,0,0,0
13482,0,0,0,0,9740,3180,223,0,14147,0,0,9740,3180,223,0,11155,2202,0,0
5982,223,0,0,0,0,0,0,0,14790,0,0,0,0,0,0,0
0,0,17481,0,0,15509,0,0,0,0,20291,15068,0,0,0,0,15068,0,0,0,0,0,0
0,0,19268,0,0,0,0,0,0,0,0,0,0,0,0
0,0,0,0,14790,0,0,0,0,0,19268,0,0,15068,0,0,0
0,0,0,0,19268,0,0,0,8560,0,0,0,0,14790,0,0,0,0,0
0,13482,0,0,5173,20291,3180,223,0,13872,2202,0,0
0,0,0,0,0,5982,0,0,0,0,0,0,0,0,14790,0,0,0,0,0
0,0,0,0
15509,223,0,14790,0,0,0,0,0,0,0,17481,14790,0,0,0,0
0,19268,0,0,0,0,0,0,0,0,0,0,0,0,0,0
0,0,0,0,0,0,0,0,18341,9740,19366,0,17301,9740,19366,0,0,0,0
8560,0,0,0,0,0,0,0,0,0,14790,0,0,0,0
0,0,0,0,0,8560,0,0,0,0,0,0,13482,0,0,5173,20291,0
3180,223,0,13872,2202,0,0
5982,223,0,0,0,0,0,0,0,14790,0,0,0,0,0,0,0
0,0,17481,0,0,5982,0,0,0,0,20291,15068,0,0,0,0,15068,0,0,0,0,0,0
0,0,19268,0,0,0,0,0,0,0,0,0,0,0,0
0,0,0,0,14790,0,0,0,0,0,19268,8560,0,0,0,0
14790,0,0,0,0,0,13482,0,0,5173,20291,3180,223,0,13872,2202,0,0
18343,223,0,0,0,0,14790,0,0,0,0,0,17481,0,0,0,18343,0,0,0,0
0,0,0,18343,0,0,0,0,19268,0,0,0,0,0,0,0
14148,223,0,4275,0,0,0,0,0,0,0,0,0,0,0,0,19268,0
0,17481,0,1575,0,0,0,29,223,0,16617,0,0,19784,0,9944,0,21291,19268,0,1577,0,30,223,0,13871,0,5403,0,20368,223,0,13871,0
0,19784,0,9944,0,21291,19268,1576,0,20368,223,0,13872,0,5403,0,17960,223,0,14145,0,0,19784,0,9944,0,21291,19268,0,1579,0,1315,0,17960,223,0,14145,0
0,19784,0,9944,0,21291,0,0,0,17481,0,1575,0,0,721,223,0,14152,0,0,19784,0,9944,0,21291,19268,0,1577,0,721,223,0,14453,0,5403,0
11348,223,0,13871,0,0,19784,0,9944,0,21291,19268,0,1576,0,11348,223,0,13872,0,5403,0,8205,223,0,13871,0,0,19784,0,9944,0,21291,19268,0,1579,0,1315,0
8205,223,0,13871,0,0,19784,0,9944,0,21291,0,0,0,0,18343,0,0,0,19268,0,0,0,0,0,0
0,19268,0,0,0,0,0,0,0,0,0,0,0,0,1579,0
0,0,0,1575,0,0,1577,0,0,1576,0,0,19268,0,0,0,0,0,13482,0,5173,0,10787,0
3180,223,0,8021,2202,19268,0,0,1575,0,1577,0,1576,0,0,0,0,0,0,0,0
0,0,0,0,0,0,0,0,0,0,0,0,0,0
0,0,19268,0,0,0,0,0,0,0,0,0,0,0,0
0,0,0,0,0,0,0,0,0,0,18341,0,17301,0,0,0
0,0,8560,0,0,0,0,0,0,0,19268,14790,0,0,0,0
0,0,0,0,0,8560,0,0,0,0,0,0,0,0
0,0,0,0,0,0,0
0,0,0,0,0,0,0,0,0,0,19268,0
0,0,0,0,0,0,19268,0,0,0,0,0,0,0
0,0,0,0,0,0,0,0,0,0,0,0,0
0,0,0,0,0,0,0,0,0,0,0,8560,0,0,0,0
14790,0,0,0,0,0,0,19268,0,0,15509,0,0,0,0,0,8560,0
0,0,0,0,0,0,0,0,0,19268,0,0,0,15509,0,0,0
0,0,0,0,0,0,0,0,0,0,0,0,0,0
0,0,0,0,0,0,0,0,0,0,0,0,0,0,5982,0,0,0,0,0,0,0
0,0,0,0,0,0,0,0,0,0,0,0,0,0,0
0,0,0,0,0,0,0,0,0,0,0,19268,0
8560,0,0,0,0,0,0,0,0,0,0,0,0,0,19268,0,0
0,0,0,0,0,0,0,0,0,0,0,0,19268,0,0,0
0,0,0,0,0,19268,0,0,0,8560,0,0,0,0,0
0,0,0,0,0,0
0,0,0,0,0,0,18013,0,0,0,0,19268,0,0,0
0,0,0,0,0,0,8560,0,0,0,0,9987,5066,12766,0,0,0,0,0,0
0,0,0,0,0,0,0,9740,0,0,0,0,0,0,0,0
0,0,0,0,0,7940,0,0,0,0,0,0,0
0,0,0,0,0,0,0,0,0,0,19268,0,0
0,0,0,0,0,0,19268,0,0,0,0,0,0,0,0,0,0
0,19268,0,0,0,0,0,0,0,0,0,0,0,0,0
0,9987,14145,12766,0,0,0,0,0,0,0,0,0,5982,0,0,0,0,0,0,0,0
0,0,0,19268,0,0,8560,0,0,0,14790,0,0,0,0,0,0,0,0
0,0,0,0,0,0,0,19268,0,0,8560,0,0,0,0,0,0,0
0,0,0,0,0,0,0,0,0,9987,14144,12766,0,0,0,0,14384,0,0,0,0
0,0,0,0,0,0,8560,0,0,0,14790,0,0,0,0,0
0,0,0,0,8246,0,0,9987,14147,12766,0,0,0,0,0,0,15509,0,18038,0,0,0,14790,0,0,0
0,0,0,0,0,0,0,0,0,0,8560,0,0,0,0
0,0,0,0,0,0,8861,0,0,0,0,19268,0,0,0,0,0
8560,0,0,0,0,0,0,0,0,0,19268,0,0,0,0,0
0,0,0,0,0,0,0,0,0,0,0,0,0,19268,0,0,0
0,0,0,0,0,0,0,0,0,0,0,0,0,0,0
0,0,0,0,0,0,0,0,0,0,0,0
0,0,0,0,0,0,0,0,0,19268,0,0,0
0,19268,15068,0,0,0,0,0,0,0,0,0,0,0,0,0,0,0
0,0,0,0,0,20291,15068,0,0,0,0,15068,0,0,0,0,0,19268,0,0
0,0,0,0,0,0,0,0,0,15509,0,0,0,0,0,0
15068,0,0,0,0,19268,0,0,0,0,0,0,0,0,0,0
0,0,0,0,0,0,0,0,19268,0,0,0,0,0,8560,0
0,19268,14790,0,0,0,0,0,0,0,5982,0,0,0,0,0,0,15068,0,0,0,0
0,0,0,0,0,0,14790,0,0,0,0,0,0,0,19268,0,0
0,0,0,0,0,0,19268,0,0,0,0,0,0,0,9987,14146,12766,0,0,0,0
0,19268,0,0,0,9987,14149,12766,0,0,0,17752,0,12353,0,0,0,0,0,0,0
0,0,0,0,0,19268,0,0,0,0,0,0,0,0
0,0,0,19268,0,0,0,0,0,14790,0,0,0,0,0,0,0
0,19268,0,0,0,8560,0,0,0,0,0,14790,0,0,0,0,0,0,0
0,0,0,0,0,0,0,0,0,18343,0,0,0,0,0
0,19268,0,0,0,0,0,14148,223,0,4275,0,19268,0,0,0,8560,0,0,0
0,0,1579,0,0,0,0,0,0,0,19268,0,0,0,0,0,0
0,0,0,0,8560,0,0,0,14790,0,0,0,0,19268,0,0,0,0
0,0,8560,0,0,0,0,0,0,0,0,0
0,0,0,0,0,0,0,0,8560,0,0,0,0,0
0,0,0,0,0,0,19268,0,0,0,0,0,0
0,0,0,0,0,0,0,0,0,0,0,0,0,0
0,0,0,0,19268,0,0,0,0,0,0,0,0,0,0,0
0,0,0,0,0,0,0,0,0,0,0,0,0
0,0,0,0,0,0,0,0,19268,0,0,0,0
0,0,0,0,19268,0,0,0,0,19268,0,0,0,0,0,0
0,0,0,0,0,0,0,0,0,19268,0,0,0,0
0,0,0,0,0
